LINE mode=1 col=0,0,255,75
-11.076458183915598,49.45509250887941
-11.077126666666667,49.45515666666667
LINE mode=1 col=0,0,255,75
-11.076458183915598,49.45509250887941
-11.07605,49.45505333333333
LINE mode=1 col=0,0,255,75
-11.07605,49.45505333333333
-11.075873333333334,49.455103333333334
LINE mode=1 col=0,0,255,75
-11.07605,49.45505333333333
-11.076458183915598,49.45509250887941
LINE mode=1 col=0,0,255,75
-11.07605,49.45505333333333
-11.076458183915598,49.45509250887941
LINE mode=1 col=0,0,255,75
-11.07605,49.45505333333333
-11.076458183915598,49.45509250887941
